
$orca_hessian_file

$act_atom
  12

$act_coord
  2

$act_energy
     -633.103758

$hessian
39
                    0                  1                  2                  3                  4        
    0      4.2820752956E-01  -7.8994281191E-02   5.5879675459E-02  -7.6448830941E-02   6.7185601737E-03
    1     -7.8994281191E-02   5.6093683852E-01  -1.6975783599E-02   8.4037571704E-03  -8.6217460816E-02
    2      5.5879675459E-02  -1.6975783599E-02   4.6393442337E-01  -9.1055209965E-03   1.9615527858E-02
    3     -7.6448830941E-02   8.4037571704E-03  -9.1055209965E-03   6.5530409234E-01  -2.3348036418E-02
    4      6.7185601737E-03  -8.6217460816E-02   1.9615527858E-02  -2.3348036418E-02   5.8363205651E-01
    5     -6.4125785054E-03   2.1620172399E-02  -1.8744753062E-01  -2.1987253115E-03  -2.2512380991E-02
    6     -1.1836047131E-01  -1.4154809466E-02   2.5302315646E-02  -2.0343450831E-02  -5.8089197351E-03
    7     -1.4817139430E-02  -4.1682350796E-02   7.6639108129E-03  -9.1506459430E-03  -2.4240045413E-03
    8      2.6418170929E-02   6.9052143122E-03  -4.3023082756E-02   3.5269723120E-02   7.2549289114E-03
    9     -2.2424798019E-03  -2.1372562899E-04  -7.4843103165E-04  -2.7059575289E-01  -6.4762873995E-02
   10     -4.5972519823E-03  -7.2685918870E-04   3.7156893369E-03  -6.0599323153E-02  -6.9204458144E-02
   11      3.0155028416E-02   7.2354833187E-03  -1.1313047615E-02   7.5820356388E-02   2.6074564566E-02
   12     -1.3923479295E-01   1.2412850795E-01  -4.8160501288E-02   2.1910376918E-03   1.4333758986E-03
   13      1.2377993297E-01  -2.0789849783E-01   5.9837914588E-02   1.6529361833E-03  -2.5845630830E-03
   14     -4.8764463109E-02   6.0082671426E-02  -7.2017105948E-02  -2.2067563387E-02   2.7230701742E-02
   15     -1.3670005884E-03   3.9714566839E-04   2.9557003403E-03  -1.7187786476E-01   1.2652489565E-01
   16      3.9822239820E-03  -2.8750242140E-03   2.4376352749E-03   1.2024858820E-01  -1.7807837977E-01
   17     -2.5013029902E-02   2.5760335947E-02  -1.5317893127E-02  -4.8038188032E-02   5.3683128255E-02
   18     -8.3748662774E-02  -2.3936571630E-02  -1.8757204045E-02   9.0173915569E-04  -1.1352086234E-03
   19     -2.6395469700E-02  -1.8742640283E-01  -4.9339516732E-02   9.8555516842E-04   4.9766311003E-04
   20     -2.0308810221E-02  -5.0635037899E-02  -1.0937394267E-01  -9.8766593080E-03  -3.2582866023E-02
   21     -2.4611740473E-03   2.6505609884E-04  -1.1461903272E-02  -4.9032395594E-04  -2.0347496786E-03
   22     -7.5851583179E-04   1.8928545118E-03  -3.4173990922E-02  -1.9914097913E-03  -5.3813904325E-03
   23      1.0383304952E-03   2.5059539551E-03  -1.3339216013E-02  -6.1623259243E-04  -3.2852446901E-03
   24      5.6323642368E-03  -1.0167442270E-02   3.3521739373E-03   1.5031992058E-04  -3.2883218093E-04
   25      1.9787434265E-02  -2.5345078036E-02   7.5689883111E-03   3.8749362994E-04   6.8783108513E-04
   26      1.0539009116E-02  -1.2331655936E-02   3.8663929288E-03   1.0585875583E-03  -1.0973134400E-03
   27     -9.4439169029E-03  -7.3200585180E-04   2.8931423508E-03  -3.1679271292E-04   3.3311964798E-04
   28     -2.5948529360E-02  -5.0131825564E-03   9.4978955048E-03  -2.7984746221E-04   6.6255802638E-04
   29     -1.3101154472E-02  -1.6832255296E-03   2.8882326265E-03  -7.0410006709E-04  -2.4962182874E-04
   30     -7.5893198283E-04  -4.6686458992E-03  -2.9186546174E-03  -1.2023160559E-01  -2.3594533914E-02
   31     -2.4130005950E-03  -8.0436065284E-03  -1.1144639911E-02  -2.5584108179E-02  -2.0326072885E-01
   32     -1.0328010901E-02  -3.9904392421E-02  -2.3054345504E-02  -1.0619196718E-02  -4.0615090158E-02
   33      3.5868466950E-04  -1.4459479014E-03  -3.4637954363E-04   9.2724118463E-03  -9.1588973989E-03
   34      5.6689270307E-04   2.0514965243E-03   7.3192579516E-04   2.4667455928E-02  -2.6727089967E-02
   35      2.8753450760E-03  -1.7734679316E-03   2.5522466581E-03   1.3814755344E-02  -2.1953742833E-02
   36     -1.2617812493E-04   1.2429436504E-03   1.1037000738E-03  -7.4115118148E-03  -4.8289610966E-03
   37     -8.3243521865E-04   3.9256957229E-04   5.4182251486E-04  -3.5374905453E-02  -1.1131968254E-02
   38     -3.1074296652E-03  -7.1870944467E-04   1.7013191774E-03  -2.2822625568E-02  -1.1911097736E-02
                    5                  6                  7                  8                  9        
    0     -6.4125785054E-03  -1.1836047131E-01  -1.4817139430E-02   2.6418170929E-02  -2.2424798019E-03
    1      2.1620172399E-02  -1.4154809466E-02  -4.1682350796E-02   6.9052143122E-03  -2.1372562899E-04
    2     -1.8744753062E-01   2.5302315646E-02   7.6639108129E-03  -4.3023082756E-02  -7.4843103165E-04
    3     -2.1987253115E-03  -2.0343450831E-02  -9.1506459430E-03   3.5269723120E-02  -2.7059575289E-01
    4     -2.2512380991E-02  -5.8089197351E-03  -2.4240045413E-03   7.2549289114E-03  -6.4762873995E-02
    5      4.6977022491E-01   7.8397794292E-03   2.2035755104E-03  -1.3076175750E-02   7.2715568417E-02
    6      7.8397794292E-03   1.8581792138E-01   4.1681338297E-02  -5.6151103611E-02   1.9924002393E-03
    7      2.2035755104E-03   4.1681338297E-02   4.2417841935E-02  -1.1200380670E-02  -2.5840950155E-04
    8     -1.3076175750E-02  -5.6151103611E-02  -1.1200380670E-02   5.6679516158E-02   1.6197138986E-04
    9      7.2715568417E-02   1.9924002393E-03  -2.5840950155E-04   1.6197138986E-04   2.9076159350E-01
   10      2.3377215868E-02  -2.9955818704E-05   7.1258730263E-04  -3.1080954734E-04   7.8183007962E-02
   11     -7.4367813472E-02   3.0270102144E-03   1.3744096760E-03  -6.3573271580E-03  -7.7722054696E-02
   12      5.7071041553E-04  -2.9320383583E-02   1.1841822228E-02  -8.0173110242E-05   3.1471355886E-04
   13     -1.1777545509E-03  -1.2442810475E-02   6.7369784640E-03  -7.0526514915E-04  -1.5531324184E-04
   14     -1.2088743541E-02   1.3440943777E-02  -5.9788509088E-03   9.2010602762E-04   6.2369189652E-04
   15     -4.9198364027E-02   1.9115722506E-03  -7.2704527315E-04  -1.6127062060E-04  -1.6944881050E-02
   16      5.1601106986E-02  -2.8372459053E-04   9.1069638431E-05  -9.7609889218E-04  -7.0841324093E-03
   17     -6.8684126581E-02  -9.8930752461E-04  -7.9891912724E-04   2.3367898753E-03   6.8672166526E-03
   18     -4.1956992210E-03  -2.6651840643E-02  -3.0218033839E-02  -5.9287479570E-03   3.9127851315E-05
   19     -5.5368396799E-03  -6.9845125038E-03  -5.9431457279E-03  -1.3755914431E-03  -1.3984681317E-04
   20     -1.3304489088E-02   9.5671497452E-03   9.6691421571E-03   2.5135109109E-03  -6.6345672140E-04
   21      5.4135044621E-04   5.4305122191E-04   7.3307724864E-04  -7.0756333957E-04   3.4406744793E-04
   22      1.0210398365E-03   1.2299502655E-03   8.3888826878E-04   1.1341183548E-04   2.3156567985E-04
   23      7.1758541958E-04   1.0903097547E-04   6.9057953276E-04   1.4216190146E-03   1.3411097344E-05
   24      2.6051352157E-04   2.0213456373E-03   1.1480507403E-04  -2.6852910450E-06  -7.2416454567E-05
   25      1.8399076656E-03   6.4140726992E-04   2.0514003334E-03   2.3723859001E-04  -5.3147043877E-05
   26      9.7059078587E-04   4.1433612815E-04   6.6856601943E-04  -3.7982640601E-04   9.6418958654E-05
   27      1.0455031700E-03   2.1070606486E-04  -2.2472021707E-03  -6.5640169404E-04   6.8021963569E-04
   28      9.0589993103E-04  -4.6772043466E-03  -4.3570621055E-03  -1.5252009971E-03   1.4712436125E-04
   29     -2.7076166214E-05  -1.9411957550E-03  -2.1984927461E-03   3.0110240854E-04  -6.7461529596E-05
   30     -2.5350072382E-02   2.3244906691E-03   1.8852148180E-03   2.2113243396E-04  -6.7019069861E-03
   31     -9.5319109471E-02   1.3710239499E-05   1.1790769939E-03   1.2956907136E-03  -4.2815342421E-03
   32     -1.0043860271E-01  -1.3549568298E-03  -2.1687139996E-03   3.8413213543E-04  -4.5903627452E-04
   33      3.3767923708E-04  -4.7316821736E-04  -1.3810835753E-04   5.3815594488E-04   2.0326325772E-04
   34      1.1261651243E-02  -1.2053535212E-04   9.2901575767E-06   1.2956444957E-04  -2.0319258882E-04
   35     -1.9519626608E-03  -1.7895221374E-04   2.8912324463E-04  -3.2562955988E-04  -1.3183006137E-04
   36      3.8711348276E-03   3.0714519885E-04   1.2530193474E-03   1.0920409108E-03   2.1132325041E-03
   37      1.1116649369E-02   9.5835290479E-04   2.8197311052E-04   1.3346270199E-04  -1.4853682260E-03
   38     -2.5686275040E-04   9.5198187769E-04  -1.8218080277E-04  -1.3822536980E-03  -5.4959332690E-04
                   10                 11                 12                 13                 14        
    0     -4.5972519823E-03   3.0155028416E-02  -1.3923479295E-01   1.2377993297E-01  -4.8764463109E-02
    1     -7.2685918870E-04   7.2354833187E-03   1.2412850795E-01  -2.0789849783E-01   6.0082671426E-02
    2      3.7156893369E-03  -1.1313047615E-02  -4.8160501288E-02   5.9837914588E-02  -7.2017105948E-02
    3     -6.0599323153E-02   7.5820356388E-02   2.1910376918E-03   1.6529361833E-03  -2.2067563387E-02
    4     -6.9204458144E-02   2.6074564566E-02   1.4333758986E-03  -2.5845630830E-03   2.7230701742E-02
    5      2.3377215868E-02  -7.4367813472E-02   5.7071041553E-04  -1.1777545509E-03  -1.2088743541E-02
    6     -2.9955818704E-05   3.0270102144E-03  -2.9320383583E-02  -1.2442810475E-02   1.3440943777E-02
    7      7.1258730263E-04   1.3744096760E-03   1.1841822228E-02   6.7369784640E-03  -5.9788509088E-03
    8     -3.1080954734E-04  -6.3573271580E-03  -8.0173110242E-05  -7.0526514915E-04   9.2010602762E-04
    9      7.8183007962E-02  -7.7722054696E-02   3.1471355886E-04  -1.5531324184E-04   6.2369189652E-04
   10      7.9934338518E-02  -1.8932599488E-02   5.8963162386E-05  -2.0858198474E-04  -7.2914435018E-04
   11     -1.8932599488E-02   8.4270093244E-02  -9.0608451825E-04   2.5557800018E-04   1.4030815663E-03
   12      5.8963162386E-05  -9.0608451825E-04   1.5562154109E-01  -1.2562780410E-01   4.6788542571E-02
   13     -2.0858198474E-04   2.5557800018E-04  -1.2562780410E-01   2.2415840132E-01  -6.4652034962E-02
   14     -7.2914435018E-04   1.4030815663E-03   4.6788542571E-02  -6.4652034962E-02   8.0583875379E-02
   15      2.0624133063E-02  -8.8905840103E-03   1.3018146257E-03  -8.3729626317E-04   1.5449709735E-06
   16      7.7689702826E-03  -3.3727424025E-03  -5.5573548674E-05   4.6448703170E-04   3.2637850700E-04
   17     -7.8274604696E-03   2.6407503096E-03   1.4527654782E-04   2.2480180750E-05  -6.6680395418E-03
   18      1.5517337311E-04   6.8399810898E-04   8.5744488462E-03   1.6745935900E-02   8.9850482470E-03
   19      9.1130185720E-05   4.4359555453E-04  -9.7240212764E-03  -2.1296976384E-02  -1.3374342982E-02
   20     -8.1698580324E-04   9.8658253959E-04   2.0747417765E-03   8.0246614095E-03   4.7591229435E-03
   21      1.9944170232E-04  -4.1220492570E-04  -1.5067178131E-04   1.5418924907E-04   7.2356058378E-04
   22     -1.4347074490E-04   1.6885725780E-04   4.7344847861E-04   1.3887769401E-03   5.7284223392E-04
   23      1.8102179804E-04   3.8661077189E-04   2.0170906114E-04  -1.6181316238E-04   5.9962847939E-04
   24      1.9697903471E-04  -5.9269522515E-06   3.8927457881E-04  -2.3864235828E-03  -1.0843620993E-03
   25      3.3646453623E-05  -1.7295320376E-05  -2.4611351681E-03  -4.2024155024E-03  -3.1637911464E-03
   26      3.1044737914E-05   1.0053282962E-05  -1.0986973013E-03  -2.6439439475E-03  -9.7201149951E-04
   27      5.4770508163E-05  -6.6352889081E-04   4.0980556116E-04  -3.1560474140E-04  -9.9774410967E-05
   28      9.7115424955E-05  -7.6149215959E-04   1.0218897382E-03   8.2113368870E-04   6.4717886951E-04
   29     -5.7542018620E-04  -7.2430416359E-04   3.0708404256E-04   5.4810457176E-04   2.8412445842E-04
   30     -3.2833522193E-02  -2.0907048872E-02   9.9684327439E-05  -1.0207234571E-03   1.1983306504E-03
   31     -1.3021519087E-02  -9.2731884712E-03  -1.0841735140E-03   2.3663538686E-03   4.5700106933E-04
   32      2.5699443358E-03   3.9004732691E-03   1.0832211219E-03   2.4703849139E-04   4.1338879519E-03
   33      7.3899044306E-05   3.9287369544E-04  -4.8319421220E-05   5.0774228942E-04   5.1214932240E-04
   34      5.0437033563E-04   6.2980114642E-04  -2.3894786911E-04   2.0197682231E-04  -1.3552861667E-03
   35      1.4111202521E-03   1.3984077401E-04  -8.7591252818E-04   3.3540366811E-04  -7.9267081461E-04
   36     -1.5264211434E-03  -4.9584074356E-04  -1.7818365061E-04  -9.1772281195E-05  -2.2808658628E-04
   37     -5.9184863179E-03  -3.8777380795E-03   1.4967210792E-04   7.7359020012E-05  -8.7427181950E-05
   38     -2.0125641132E-03  -1.0341734657E-03   2.6510650392E-05   2.4983757973E-05  -9.8296411600E-05
                   15                 16                 17                 18                 19        
    0     -1.3670005884E-03   3.9822239820E-03  -2.5013029902E-02  -8.3748662774E-02  -2.6395469700E-02
    1      3.9714566839E-04  -2.8750242140E-03   2.5760335947E-02  -2.3936571630E-02  -1.8742640283E-01
    2      2.9557003403E-03   2.4376352749E-03  -1.5317893127E-02  -1.8757204045E-02  -4.9339516732E-02
    3     -1.7187786476E-01   1.2024858820E-01  -4.8038188032E-02   9.0173915569E-04   9.8555516842E-04
    4      1.2652489565E-01  -1.7807837977E-01   5.3683128255E-02  -1.1352086234E-03   4.9766311003E-04
    5     -4.9198364027E-02   5.1601106986E-02  -6.8684126581E-02  -4.1956992210E-03  -5.5368396799E-03
    6      1.9115722506E-03  -2.8372459053E-04  -9.8930752461E-04  -2.6651840643E-02  -6.9845125038E-03
    7     -7.2704527315E-04   9.1069638431E-05  -7.9891912724E-04  -3.0218033839E-02  -5.9431457279E-03
    8     -1.6127062060E-04  -9.7609889218E-04   2.3367898753E-03  -5.9287479570E-03  -1.3755914431E-03
    9     -1.6944881050E-02  -7.0841324093E-03   6.8672166526E-03   3.9127851315E-05  -1.3984681317E-04
   10      2.0624133063E-02   7.7689702826E-03  -7.8274604696E-03   1.5517337311E-04   9.1130185720E-05
   11     -8.8905840103E-03  -3.3727424025E-03   2.6407503096E-03   6.8399810898E-04   4.4359555453E-04
   12      1.3018146257E-03  -5.5573548674E-05   1.4527654782E-04   8.5744488462E-03  -9.7240212764E-03
   13     -8.3729626317E-04   4.6448703170E-04   2.2480180750E-05   1.6745935900E-02  -2.1296976384E-02
   14      1.5449709735E-06   3.2637850700E-04  -6.6680395418E-03   8.9850482470E-03  -1.3374342982E-02
   15      1.7681703652E-01  -1.3440616003E-01   5.3741138362E-02  -1.4295641628E-04  -7.1039672722E-05
   16     -1.3440616003E-01   2.0319570364E-01  -4.9870377274E-02  -6.4274969680E-04   8.3549483263E-04
   17      5.3741138362E-02  -4.9870377274E-02   8.1651186279E-02   3.1972411811E-04   1.5700471547E-03
   18     -1.4295641628E-04  -6.4274969680E-04   3.1972411811E-04   5.8798814434E-01  -3.1725737456E-02
   19     -7.1039672722E-05   8.3549483263E-04   1.5700471547E-03  -3.1725737456E-02   5.2542038832E-01
   20     -4.1053348632E-05  -2.2955866554E-04   1.3696941780E-03  -1.3099716261E-02  -3.1625286373E-02
   21      9.0423693709E-05  -8.8469877541E-05   4.5109233588E-04  -4.8928991635E-02   8.8850901474E-04
   22     -2.9496017846E-04   1.8700412834E-04  -2.6282500702E-04   4.3585761267E-04  -5.1154845217E-02
   23      3.4204064315E-05   1.1773724719E-04   2.9514679431E-04  -1.6950840991E-04   2.4394664841E-02
   24      9.8682084750E-05   2.1460019857E-04   1.6071134615E-04  -1.5634807039E-01   1.2850003477E-01
   25     -3.6017553397E-04   3.2848866769E-04  -1.0996888785E-03   1.2523333502E-01  -1.9889792049E-01
   26     -5.2203169588E-04  -2.6177045881E-05  -2.1796290732E-04  -4.6542272546E-02   5.5038105521E-02
   27     -1.7636555572E-05  -9.4477210324E-05   1.0557966774E-04  -2.8258413895E-01  -5.5182589008E-02
   28      1.0985079739E-04   3.0612188306E-05  -6.5176403463E-05  -5.4854433807E-02  -6.3885764943E-02
   29     -8.0005852465E-05  -1.7825468990E-06   4.5648132513E-05   7.7457989964E-02   1.7436682689E-02
   30      8.4814942621E-03   2.0589136154E-02   1.3817280927E-02   1.1650561826E-03   2.6864054820E-04
   31     -7.9064948575E-03  -2.7089810111E-02  -1.8081568005E-02   1.3412136435E-04   1.6137877095E-03
   32      1.9619614866E-03   8.5169687318E-04   2.8499889541E-03   1.3488337806E-03   2.3006972095E-03
   33      1.3252584757E-03  -2.6862276603E-03  -1.4286785101E-03   1.9707521590E-04  -1.4118783198E-04
   34     -3.1151508087E-03  -5.2745287981E-03  -3.7109222608E-03  -3.9050880929E-04   2.6288117136E-04
   35     -6.8699286564E-04  -1.8337793282E-03  -5.4454976239E-04  -6.6514708397E-04   1.2683274392E-04
   36      3.0255501169E-04   2.8230908231E-04  -1.0480538541E-04  -2.9702430868E-04  -1.3397837244E-04
   37      1.4475132271E-04   2.6366553980E-04   6.1335339335E-04   1.5375052401E-04  -3.9418757813E-06
   38      8.2913688265E-04   1.0916164122E-03   2.3871018042E-04   5.4904939536E-04  -6.9437618267E-05
                   20                 21                 22                 23                 24        
    0     -2.0308810221E-02  -2.4611740473E-03  -7.5851583179E-04   1.0383304952E-03   5.6323642368E-03
    1     -5.0635037899E-02   2.6505609884E-04   1.8928545118E-03   2.5059539551E-03  -1.0167442270E-02
    2     -1.0937394267E-01  -1.1461903272E-02  -3.4173990922E-02  -1.3339216013E-02   3.3521739373E-03
    3     -9.8766593080E-03  -4.9032395594E-04  -1.9914097913E-03  -6.1623259243E-04   1.5031992058E-04
    4     -3.2582866023E-02  -2.0347496786E-03  -5.3813904325E-03  -3.2852446901E-03  -3.2883218093E-04
    5     -1.3304489088E-02   5.4135044621E-04   1.0210398365E-03   7.1758541958E-04   2.6051352157E-04
    6      9.5671497452E-03   5.4305122191E-04   1.2299502655E-03   1.0903097547E-04   2.0213456373E-03
    7      9.6691421571E-03   7.3307724864E-04   8.3888826878E-04   6.9057953276E-04   1.1480507403E-04
    8      2.5135109109E-03  -7.0756333957E-04   1.1341183548E-04   1.4216190146E-03  -2.6852910450E-06
    9     -6.6345672140E-04   3.4406744793E-04   2.3156567985E-04   1.3411097344E-05  -7.2416454567E-05
   10     -8.1698580324E-04   1.9944170232E-04  -1.4347074490E-04   1.8102179804E-04   1.9697903471E-04
   11      9.8658253959E-04  -4.1220492570E-04   1.6885725780E-04   3.8661077189E-04  -5.9269522515E-06
   12      2.0747417765E-03  -1.5067178131E-04   4.7344847861E-04   2.0170906114E-04   3.8927457881E-04
   13      8.0246614095E-03   1.5418924907E-04   1.3887769401E-03  -1.6181316238E-04  -2.3864235828E-03
   14      4.7591229435E-03   7.2356058378E-04   5.7284223392E-04   5.9962847939E-04  -1.0843620993E-03
   15     -4.1053348632E-05   9.0423693709E-05  -2.9496017846E-04   3.4204064315E-05   9.8682084750E-05
   16     -2.2955866554E-04  -8.8469877541E-05   1.8700412834E-04   1.1773724719E-04   2.1460019857E-04
   17      1.3696941780E-03   4.5109233588E-04  -2.6282500702E-04   2.9514679431E-04   1.6071134615E-04
   18     -1.3099716261E-02  -4.8928991635E-02   4.3585761267E-04  -1.6950840991E-04  -1.5634807039E-01
   19     -3.1625286373E-02   8.8850901474E-04  -5.1154845217E-02   2.4394664841E-02   1.2850003477E-01
   20      5.9510380778E-01   2.0358711175E-03   2.7592433636E-02  -3.2806693172E-01  -4.5599351561E-02
   21      2.0358711175E-03   4.9037592649E-02   1.6352291776E-03  -3.6792190652E-04  -2.1090730189E-04
   22      2.7592433636E-02   1.6352291776E-03   5.5567654315E-02  -2.4515718582E-02  -1.8574592247E-03
   23     -3.2806693172E-01  -3.6792190652E-04  -2.4515718582E-02   3.5232027226E-01   1.3169758664E-03
   24     -4.5599351561E-02  -2.1090730189E-04  -1.8574592247E-03   1.3169758664E-03   1.6447621997E-01
   25      5.3996238972E-02   4.7213013135E-04  -1.2990275080E-03  -4.2401526317E-04  -1.3703982521E-01
   26     -6.9845650955E-02  -2.1317310749E-02   2.5122225193E-02  -6.4086596034E-03   5.0695082913E-02
   27      7.6573258807E-02   1.5568745261E-03   1.1660784740E-03  -1.4609659674E-03  -1.6048315922E-02
   28      1.7446206206E-02  -1.8561783089E-03  -1.5920801565E-03   5.3845846888E-04   2.2873632890E-02
   29     -7.5163791309E-02   3.1571352931E-02   7.0455200629E-03  -7.0364379129E-03  -9.3550190791E-03
   30     -8.1665821853E-04   6.1278471023E-04  -3.7171789897E-04  -2.1072985675E-04   1.4702499146E-05
   31     -1.4021906177E-03  -4.2099883645E-04  -5.3937408052E-04  -8.2242374244E-05   8.9252549696E-05
   32     -8.4427701561E-03  -1.0732833469E-03  -2.8558494005E-03  -8.3858411559E-04   2.7461697210E-04
   33     -2.4536534611E-04  -5.5445949515E-05  -5.1780522311E-05  -4.4323246296E-05  -7.6514103864E-05
   34      3.0346619952E-04  -6.3852934218E-05   1.7329805263E-04   5.5324143466E-05  -1.4272191285E-05
   35     -1.7631202868E-04  -7.1987858069E-05   1.3032110482E-04   1.7248078990E-05  -2.3027740989E-05
   36      4.5097992594E-04   8.3857536315E-05   1.3959787741E-04   5.7488971339E-05  -1.3212079540E-06
   37      1.1139256981E-04   1.3778916422E-04   6.4076639868E-05  -3.8596495233E-05  -4.1515698634E-05
   38     -2.1918247272E-04   8.6875819322E-05   2.4204488609E-05  -8.2038996279E-05  -5.0014798553E-05
                   25                 26                 27                 28                 29        
    0      1.9787434265E-02   1.0539009116E-02  -9.4439169029E-03  -2.5948529360E-02  -1.3101154472E-02
    1     -2.5345078036E-02  -1.2331655936E-02  -7.3200585180E-04  -5.0131825564E-03  -1.6832255296E-03
    2      7.5689883111E-03   3.8663929288E-03   2.8931423508E-03   9.4978955048E-03   2.8882326265E-03
    3      3.8749362994E-04   1.0585875583E-03  -3.1679271292E-04  -2.7984746221E-04  -7.0410006709E-04
    4      6.8783108513E-04  -1.0973134400E-03   3.3311964798E-04   6.6255802638E-04  -2.4962182874E-04
    5      1.8399076656E-03   9.7059078587E-04   1.0455031700E-03   9.0589993103E-04  -2.7076166214E-05
    6      6.4140726992E-04   4.1433612815E-04   2.1070606486E-04  -4.6772043466E-03  -1.9411957550E-03
    7      2.0514003334E-03   6.6856601943E-04  -2.2472021707E-03  -4.3570621055E-03  -2.1984927461E-03
    8      2.3723859001E-04  -3.7982640601E-04  -6.5640169404E-04  -1.5252009971E-03   3.0110240854E-04
    9     -5.3147043877E-05   9.6418958654E-05   6.8021963569E-04   1.4712436125E-04  -6.7461529596E-05
   10      3.3646453623E-05   3.1044737914E-05   5.4770508163E-05   9.7115424955E-05  -5.7542018620E-04
   11     -1.7295320376E-05   1.0053282962E-05  -6.6352889081E-04  -7.6149215959E-04  -7.2430416359E-04
   12     -2.4611351681E-03  -1.0986973013E-03   4.0980556116E-04   1.0218897382E-03   3.0708404256E-04
   13     -4.2024155024E-03  -2.6439439475E-03  -3.1560474140E-04   8.2113368870E-04   5.4810457176E-04
   14     -3.1637911464E-03  -9.7201149951E-04  -9.9774410967E-05   6.4717886951E-04   2.8412445842E-04
   15     -3.6017553397E-04  -5.2203169588E-04  -1.7636555572E-05   1.0985079739E-04  -8.0005852465E-05
   16      3.2848866769E-04  -2.6177045881E-05  -9.4477210324E-05   3.0612188306E-05  -1.7825468990E-06
   17     -1.0996888785E-03  -2.1796290732E-04   1.0557966774E-04  -6.5176403463E-05   4.5648132513E-05
   18      1.2523333502E-01  -4.6542272546E-02  -2.8258413895E-01  -5.4854433807E-02   7.7457989964E-02
   19     -1.9889792049E-01   5.5038105521E-02  -5.5182589008E-02  -6.3885764943E-02   1.7436682689E-02
   20      5.3996238972E-02  -6.9845650955E-02   7.6573258807E-02   1.7446206206E-02  -7.5163791309E-02
   21      4.7213013135E-04  -2.1317310749E-02   1.5568745261E-03  -1.8561783089E-03   3.1571352931E-02
   22     -1.2990275080E-03   2.5122225193E-02   1.1660784740E-03  -1.5920801565E-03   7.0455200629E-03
   23     -4.2401526317E-04  -6.4086596034E-03  -1.4609659674E-03   5.3845846888E-04  -7.0364379129E-03
   24     -1.3703982521E-01   5.0695082913E-02  -1.6048315922E-02   2.2873632890E-02  -9.3550190791E-03
   25      2.1857067461E-01  -5.6131082773E-02  -6.1701986513E-03   7.2615293234E-03  -2.7701280069E-03
   26     -5.6131082773E-02   7.1087597149E-02   6.8608083207E-03  -9.1358976020E-03   1.8582110404E-03
   27     -6.1701986513E-03   6.8608083207E-03   3.0482161284E-01   6.2870191507E-02  -8.4306849429E-02
   28      7.2615293234E-03  -9.1358976020E-03   6.2870191507E-02   6.5902248326E-02  -1.7795305407E-02
   29     -2.7701280069E-03   1.8582110404E-03  -8.4306849429E-02  -1.7795305407E-02   7.7160060188E-02
   30     -5.7774701001E-04  -1.2888961092E-04   5.6817960171E-04   5.8734017615E-04   3.0156181598E-04
   31      4.9247934173E-04   4.3766534700E-04   1.2635702973E-05   7.0969202847E-05   3.1802063188E-04
   32     -3.3803385355E-04  -5.7535037757E-05  -4.6864591349E-04   3.1143820868E-05   3.3669785981E-04
   33      3.5896052353E-06  -7.2807705332E-05  -7.1899528175E-05  -3.2258240091E-05  -2.4472744500E-06
   34      2.6697016326E-04   1.7254422525E-04  -2.0764406150E-05  -1.3484008026E-04  -3.0558282648E-05
   35      3.1481080751E-04   4.3418272116E-06   7.4074274947E-05  -2.0915241983E-05  -1.1170629066E-05
   36      4.3948199969E-05   3.3656039905E-05   9.2645734242E-05  -3.1505893161E-05  -5.7222042948E-05
   37     -7.2073498958E-05  -1.4002207777E-05   2.0588540243E-04   1.0610054436E-04   2.9630499715E-05
   38      4.5561939188E-05   2.7567753868E-05   1.8819425280E-04   2.4038841471E-04   2.1388680343E-05
                   30                 31                 32                 33                 34        
    0     -7.5893198283E-04  -2.4130005950E-03  -1.0328010901E-02   3.5868466950E-04   5.6689270307E-04
    1     -4.6686458992E-03  -8.0436065284E-03  -3.9904392421E-02  -1.4459479014E-03   2.0514965243E-03
    2     -2.9186546174E-03  -1.1144639911E-02  -2.3054345504E-02  -3.4637954363E-04   7.3192579516E-04
    3     -1.2023160559E-01  -2.5584108179E-02  -1.0619196718E-02   9.2724118463E-03   2.4667455928E-02
    4     -2.3594533914E-02  -2.0326072885E-01  -4.0615090158E-02  -9.1588973989E-03  -2.6727089967E-02
    5     -2.5350072382E-02  -9.5319109471E-02  -1.0043860271E-01   3.3767923708E-04   1.1261651243E-02
    6      2.3244906691E-03   1.3710239499E-05  -1.3549568298E-03  -4.7316821736E-04  -1.2053535212E-04
    7      1.8852148180E-03   1.1790769939E-03  -2.1687139996E-03  -1.3810835753E-04   9.2901575767E-06
    8      2.2113243396E-04   1.2956907136E-03   3.8413213543E-04   5.3815594488E-04   1.2956444957E-04
    9     -6.7019069861E-03  -4.2815342421E-03  -4.5903627452E-04   2.0326325772E-04  -2.0319258882E-04
   10     -3.2833522193E-02  -1.3021519087E-02   2.5699443358E-03   7.3899044306E-05   5.0437033563E-04
   11     -2.0907048872E-02  -9.2731884712E-03   3.9004732691E-03   3.9287369544E-04   6.2980114642E-04
   12      9.9684327439E-05  -1.0841735140E-03   1.0832211219E-03  -4.8319421220E-05  -2.3894786911E-04
   13     -1.0207234571E-03   2.3663538686E-03   2.4703849139E-04   5.0774228942E-04   2.0197682231E-04
   14      1.1983306504E-03   4.5700106933E-04   4.1338879519E-03   5.1214932240E-04  -1.3552861667E-03
   15      8.4814942621E-03  -7.9064948575E-03   1.9619614866E-03   1.3252584757E-03  -3.1151508087E-03
   16      2.0589136154E-02  -2.7089810111E-02   8.5169687318E-04  -2.6862276603E-03  -5.2745287981E-03
   17      1.3817280927E-02  -1.8081568005E-02   2.8499889541E-03  -1.4286785101E-03  -3.7109222608E-03
   18      1.1650561826E-03   1.3412136435E-04   1.3488337806E-03   1.9707521590E-04  -3.9050880929E-04
   19      2.6864054820E-04   1.6137877095E-03   2.3006972095E-03  -1.4118783198E-04   2.6288117136E-04
   20     -8.1665821853E-04  -1.4021906177E-03  -8.4427701561E-03  -2.4536534611E-04   3.0346619952E-04
   21      6.1278471023E-04  -4.2099883645E-04  -1.0732833469E-03  -5.5445949515E-05  -6.3852934218E-05
   22     -3.7171789897E-04  -5.3937408052E-04  -2.8558494005E-03  -5.1780522311E-05   1.7329805263E-04
   23     -2.1072985675E-04  -8.2242374244E-05  -8.3858411559E-04  -4.4323246296E-05   5.5324143466E-05
   24      1.4702499146E-05   8.9252549696E-05   2.7461697210E-04  -7.6514103864E-05  -1.4272191285E-05
   25     -5.7774701001E-04   4.9247934173E-04  -3.3803385355E-04   3.5896052353E-06   2.6697016326E-04
   26     -1.2888961092E-04   4.3766534700E-04  -5.7535037757E-05  -7.2807705332E-05   1.7254422525E-04
   27      5.6817960171E-04   1.2635702973E-05  -4.6864591349E-04  -7.1899528175E-05  -2.0764406150E-05
   28      5.8734017615E-04   7.0969202847E-05   3.1143820868E-05  -3.2258240091E-05  -1.3484008026E-04
   29      3.0156181598E-04   3.1802063188E-04   3.3669785981E-04  -2.4472744500E-06  -3.0558282648E-05
   30      7.1709266138E-01  -3.0697493374E-02  -1.5088931178E-02  -2.2808016133E-01   1.7959790539E-01
   31     -3.0697493374E-02   6.0707423901E-01   7.4942126110E-03   1.6822272307E-01  -2.5739785550E-01
   32     -1.5088931178E-02   7.4942126110E-03   2.1169333521E-01  -4.7891550498E-02   4.8000376077E-02
   33     -2.2808016133E-01   1.6822272307E-01  -4.7891550498E-02   2.4081153606E-01  -1.8803285380E-01
   34      1.7959790539E-01  -2.5739785550E-01   4.8000376077E-02  -1.8803285380E-01   2.7479882961E-01
   35     -8.7636525308E-02   8.6959981285E-02  -3.9657953430E-02   6.1963952291E-02  -5.4924359939E-02
   36     -3.7427198947E-01  -9.5945001604E-02   8.2614093119E-02  -2.3409142637E-02  -1.2661409707E-02
   37     -1.0919421679E-01  -1.0352633325E-01   2.4134099787E-02   3.2902388469E-02   1.1193008312E-02
   38      1.3749175209E-01   3.8359231453E-02  -5.0705443907E-02  -1.3710997871E-02  -1.2530548601E-03
                   35                 36                 37                 38        
     0      2.8753450760E-03  -1.2617812493E-04  -8.3243521865E-04  -3.1074296652E-03
     1     -1.7734679316E-03   1.2429436504E-03   3.9256957229E-04  -7.1870944467E-04
     2      2.5522466581E-03   1.1037000738E-03   5.4182251486E-04   1.7013191774E-03
     3      1.3814755344E-02  -7.4115118148E-03  -3.5374905453E-02  -2.2822625568E-02
     4     -2.1953742833E-02  -4.8289610966E-03  -1.1131968254E-02  -1.1911097736E-02
     5     -1.9519626608E-03   3.8711348276E-03   1.1116649369E-02  -2.5686275040E-04
     6     -1.7895221374E-04   3.0714519885E-04   9.5835290479E-04   9.5198187769E-04
     7      2.8912324463E-04   1.2530193474E-03   2.8197311052E-04  -1.8218080277E-04
     8     -3.2562955988E-04   1.0920409108E-03   1.3346270199E-04  -1.3822536980E-03
     9     -1.3183006137E-04   2.1132325041E-03  -1.4853682260E-03  -5.4959332690E-04
    10      1.4111202521E-03  -1.5264211434E-03  -5.9184863179E-03  -2.0125641132E-03
    11      1.3984077401E-04  -4.9584074356E-04  -3.8777380795E-03  -1.0341734657E-03
    12     -8.7591252818E-04  -1.7818365061E-04   1.4967210792E-04   2.6510650392E-05
    13      3.3540366811E-04  -9.1772281195E-05   7.7359020012E-05   2.4983757973E-05
    14     -7.9267081461E-04  -2.2808658628E-04  -8.7427181950E-05  -9.8296411600E-05
    15     -6.8699286564E-04   3.0255501169E-04   1.4475132271E-04   8.2913688265E-04
    16     -1.8337793282E-03   2.8230908231E-04   2.6366553980E-04   1.0916164122E-03
    17     -5.4454976239E-04  -1.0480538541E-04   6.1335339335E-04   2.3871018042E-04
    18     -6.6514708397E-04  -2.9702430868E-04   1.5375052401E-04   5.4904939536E-04
    19      1.2683274392E-04  -1.3397837244E-04  -3.9418757813E-06  -6.9437618267E-05
    20     -1.7631202868E-04   4.5097992594E-04   1.1139256981E-04  -2.1918247272E-04
    21     -7.1987858069E-05   8.3857536315E-05   1.3778916422E-04   8.6875819322E-05
    22      1.3032110482E-04   1.3959787741E-04   6.4076639868E-05   2.4204488609E-05
    23      1.7248078990E-05   5.7488971339E-05  -3.8596495233E-05  -8.2038996279E-05
    24     -2.3027740989E-05  -1.3212079540E-06  -4.1515698634E-05  -5.0014798553E-05
    25      3.1481080751E-04   4.3948199969E-05  -7.2073498958E-05   4.5561939188E-05
    26      4.3418272116E-06   3.3656039905E-05  -1.4002207777E-05   2.7567753868E-05
    27      7.4074274947E-05   9.2645734242E-05   2.0588540243E-04   1.8819425280E-04
    28     -2.0915241983E-05  -3.1505893161E-05   1.0610054436E-04   2.4038841471E-04
    29     -1.1170629066E-05  -5.7222042948E-05   2.9630499715E-05   2.1388680343E-05
    30     -8.7636525308E-02  -3.7427198947E-01  -1.0919421679E-01   1.3749175209E-01
    31      8.6959981285E-02  -9.5945001604E-02  -1.0352633325E-01   3.8359231453E-02
    32     -3.9657953430E-02   8.2614093119E-02   2.4134099787E-02  -5.0705443907E-02
    33      6.1963952291E-02  -2.3409142637E-02   3.2902388469E-02  -1.3710997871E-02
    34     -5.4924359939E-02  -1.2661409707E-02   1.1193008312E-02  -1.2530548601E-03
    35      4.1659235225E-02   1.1564768236E-02  -9.0362437902E-03  -8.9530992426E-04
    36      1.1564768236E-02   4.0258155966E-01   1.1221418921E-01  -9.9863023154E-02
    37     -9.0362437902E-03   1.1221418921E-01   1.0824913881E-01  -2.3612598325E-02
    38     -8.9530992426E-04  -9.9863023154E-02  -2.3612598325E-02   5.2695186645E-02

$vibrational_frequencies
39
    0        0.000000
    1        0.000000
    2        0.000000
    3        0.000000
    4        0.000000
    5        0.000000
    6      138.107607
    7      228.498295
    8      252.881688
    9      311.302962
   10      330.208128
   11      415.911295
   12      495.772188
   13      663.188307
   14      892.555864
   15      896.656986
   16      960.001713
   17     1036.517682
   18     1120.475902
   19     1148.027876
   20     1180.093835
   21     1229.118559
   22     1340.957306
   23     1356.101989
   24     1421.841147
   25     1433.047599
   26     1449.337159
   27     1504.749753
   28     1524.177047
   29     1534.930420
   30     1746.369686
   31     3079.517185
   32     3084.545772
   33     3118.622494
   34     3146.196969
   35     3172.989275
   36     3189.929109
   37     3554.742965
   38     3652.889893

$normal_modes
39 39
                    0                  1                  2                  3                  4        
    0      0.0000000000E+00   0.0000000000E+00   0.0000000000E+00   0.0000000000E+00   0.0000000000E+00
    1      0.0000000000E+00   0.0000000000E+00   0.0000000000E+00   0.0000000000E+00   0.0000000000E+00
    2      0.0000000000E+00   0.0000000000E+00   0.0000000000E+00   0.0000000000E+00   0.0000000000E+00
    3      0.0000000000E+00   0.0000000000E+00   0.0000000000E+00   0.0000000000E+00   0.0000000000E+00
    4      0.0000000000E+00   0.0000000000E+00   0.0000000000E+00   0.0000000000E+00   0.0000000000E+00
    5      0.0000000000E+00   0.0000000000E+00   0.0000000000E+00   0.0000000000E+00   0.0000000000E+00
    6      0.0000000000E+00   0.0000000000E+00   0.0000000000E+00   0.0000000000E+00   0.0000000000E+00
    7      0.0000000000E+00   0.0000000000E+00   0.0000000000E+00   0.0000000000E+00   0.0000000000E+00
    8      0.0000000000E+00   0.0000000000E+00   0.0000000000E+00   0.0000000000E+00   0.0000000000E+00
    9      0.0000000000E+00   0.0000000000E+00   0.0000000000E+00   0.0000000000E+00   0.0000000000E+00
   10      0.0000000000E+00   0.0000000000E+00   0.0000000000E+00   0.0000000000E+00   0.0000000000E+00
   11      0.0000000000E+00   0.0000000000E+00   0.0000000000E+00   0.0000000000E+00   0.0000000000E+00
   12      0.0000000000E+00   0.0000000000E+00   0.0000000000E+00   0.0000000000E+00   0.0000000000E+00
   13      0.0000000000E+00   0.0000000000E+00   0.0000000000E+00   0.0000000000E+00   0.0000000000E+00
   14      0.0000000000E+00   0.0000000000E+00   0.0000000000E+00   0.0000000000E+00   0.0000000000E+00
   15      0.0000000000E+00   0.0000000000E+00   0.0000000000E+00   0.0000000000E+00   0.0000000000E+00
   16      0.0000000000E+00   0.0000000000E+00   0.0000000000E+00   0.0000000000E+00   0.0000000000E+00
   17      0.0000000000E+00   0.0000000000E+00   0.0000000000E+00   0.0000000000E+00   0.0000000000E+00
   18      0.0000000000E+00   0.0000000000E+00   0.0000000000E+00   0.0000000000E+00   0.0000000000E+00
   19      0.0000000000E+00   0.0000000000E+00   0.0000000000E+00   0.0000000000E+00   0.0000000000E+00
   20      0.0000000000E+00   0.0000000000E+00   0.0000000000E+00   0.0000000000E+00   0.0000000000E+00
   21      0.0000000000E+00   0.0000000000E+00   0.0000000000E+00   0.0000000000E+00   0.0000000000E+00
   22      0.0000000000E+00   0.0000000000E+00   0.0000000000E+00   0.0000000000E+00   0.0000000000E+00
   23      0.0000000000E+00   0.0000000000E+00   0.0000000000E+00   0.0000000000E+00   0.0000000000E+00
   24      0.0000000000E+00   0.0000000000E+00   0.0000000000E+00   0.0000000000E+00   0.0000000000E+00
   25      0.0000000000E+00   0.0000000000E+00   0.0000000000E+00   0.0000000000E+00   0.0000000000E+00
   26      0.0000000000E+00   0.0000000000E+00   0.0000000000E+00   0.0000000000E+00   0.0000000000E+00
   27      0.0000000000E+00   0.0000000000E+00   0.0000000000E+00   0.0000000000E+00   0.0000000000E+00
   28      0.0000000000E+00   0.0000000000E+00   0.0000000000E+00   0.0000000000E+00   0.0000000000E+00
   29      0.0000000000E+00   0.0000000000E+00   0.0000000000E+00   0.0000000000E+00   0.0000000000E+00
   30      0.0000000000E+00   0.0000000000E+00   0.0000000000E+00   0.0000000000E+00   0.0000000000E+00
   31      0.0000000000E+00   0.0000000000E+00   0.0000000000E+00   0.0000000000E+00   0.0000000000E+00
   32      0.0000000000E+00   0.0000000000E+00   0.0000000000E+00   0.0000000000E+00   0.0000000000E+00
   33      0.0000000000E+00   0.0000000000E+00   0.0000000000E+00   0.0000000000E+00   0.0000000000E+00
   34      0.0000000000E+00   0.0000000000E+00   0.0000000000E+00   0.0000000000E+00   0.0000000000E+00
   35      0.0000000000E+00   0.0000000000E+00   0.0000000000E+00   0.0000000000E+00   0.0000000000E+00
   36      0.0000000000E+00   0.0000000000E+00   0.0000000000E+00   0.0000000000E+00   0.0000000000E+00
   37      0.0000000000E+00   0.0000000000E+00   0.0000000000E+00   0.0000000000E+00   0.0000000000E+00
   38      0.0000000000E+00   0.0000000000E+00   0.0000000000E+00   0.0000000000E+00   0.0000000000E+00
                    5                  6                  7                  8                  9        
    0      0.0000000000E+00  -4.9175026687E-02   4.4841436731E-02  -1.0955156771E-02   4.2837544179E-02
    1      0.0000000000E+00  -1.6875426634E-02   8.4269757946E-02  -1.1404241589E-02  -5.2182890038E-02
    2      0.0000000000E+00  -3.9656298367E-02  -3.0219365497E-02  -1.6739695738E-02   3.9936376351E-02
    3      0.0000000000E+00  -1.4445493840E-01  -1.0777184152E-01   2.7165257604E-02   3.5904433677E-02
    4      0.0000000000E+00   4.2352943261E-02   6.5639396113E-02  -1.6936413361E-02  -4.3484568237E-02
    5      0.0000000000E+00  -3.3690403049E-02  -1.7531912499E-02  -2.0122767687E-02   3.7708943625E-02
    6      0.0000000000E+00  -3.6781691613E-02   3.7058757447E-02  -6.8430064694E-03   5.8449252203E-03
    7      0.0000000000E+00   4.3326518409E-02  -9.1422189295E-03   2.5364679808E-02   2.5746703987E-02
    8      0.0000000000E+00   5.2175911333E-02  -1.4414053492E-01   2.1981425304E-02  -1.0193949462E-02
    9      0.0000000000E+00  -2.5163855049E-01  -1.9151919584E-01   5.2288405095E-02   4.2372248828E-02
   10      0.0000000000E+00   3.2389312383E-01   1.3291248526E-01  -4.9499216808E-02  -9.6334545250E-02
   11      0.0000000000E+00  -7.6507904299E-02  -2.0243897663E-01   2.3948755604E-02   9.2301847372E-03
   12      0.0000000000E+00  -7.2943992418E-02   4.9676888462E-02  -1.2714127189E-02   2.9325866332E-02
   13      0.0000000000E+00  -6.6828847292E-02   5.0785982194E-02  -1.4781995019E-02  -4.1599431577E-02
   14      0.0000000000E+00  -1.2445341750E-01  -1.2709128721E-01  -2.0064660653E-02   9.0968619997E-02
   15      0.0000000000E+00  -3.7316656003E-01  -2.4960190118E-01   6.4763326792E-02   7.9547491199E-02
   16      0.0000000000E+00  -1.4268908315E-01  -5.2413550824E-02   2.1162748285E-03   2.4855599676E-02
   17      0.0000000000E+00   2.6314857104E-02   1.2771433919E-02  -6.0059381938E-02   1.0928793849E-01
   18      0.0000000000E+00   7.3842528238E-02   6.3637059428E-02  -2.9623767446E-02  -5.1046540941E-02
   19      0.0000000000E+00  -8.0509972555E-02  -1.0301308988E-02  -2.0643333937E-02   3.5651810694E-03
