
$orca_hessian_file

$act_atom
  13

$act_coord
  2

$act_energy
    -1092.818008

$hessian
42
                    0                  1                  2                  3                  4        
    0      1.5010202707E-01   2.7590660531E-02   1.0767681833E-01  -1.4020551083E-02  -3.5582946687E-03
    1      2.7590660531E-02   6.4119463290E-01  -3.7661956765E-02  -9.9583116328E-03  -1.0663461167E-01
    2      1.0767681833E-01  -3.7661956765E-02   7.4639897190E-01  -6.2995865415E-02   8.6659389158E-03
    3     -1.4020551083E-02  -9.9583116328E-03  -6.2995865415E-02   2.0100350496E-01   5.3922885279E-02
    4     -3.5582946687E-03  -1.0663461167E-01   8.6659389158E-03   5.3922885279E-02   6.2262741667E-01
    5     -4.1825196993E-02   1.4094274379E-02  -4.4448071907E-01   8.7574448934E-02  -4.5360692808E-02
    6      2.0059385121E-02   6.9989683340E-03  -1.7861299990E-02  -2.7719045588E-02  -1.0403928573E-03
    7      7.5942548475E-03  -6.9774394097E-03  -1.5973944913E-03  -6.1146460858E-03  -3.6453648601E-04
    8     -8.9869474915E-03  -1.0455352831E-03  -1.5235644982E-03   1.4486969483E-02  -2.7332787811E-03
    9      5.1572231062E-03   1.0077294430E-03  -3.1365576857E-02  -6.4146321643E-02   9.9526218424E-03
   10     -1.7724687416E-03   5.7432403069E-04   7.0934138156E-03   1.4758386911E-02  -2.1786184149E-04
   11      1.7866870537E-03  -1.5667058297E-03   5.9729429145E-03   1.2342742258E-02  -3.4434794577E-03
   12     -3.3957541818E-02   4.6970235523E-03   5.0867679812E-02   3.6838122104E-02  -8.5068100218E-03
   13      5.4129255814E-03  -4.4797285656E-03  -8.9038937298E-03  -7.6271898178E-03  -1.5033152120E-02
   14      4.2692458512E-03   2.4539787521E-04  -7.0992154265E-03   6.0988880491E-03   3.5810343061E-03
   15     -3.3402773907E-02   2.0980817642E-02  -2.3675439997E-02   1.5715183120E-03  -1.5602463732E-03
   16      1.6659625646E-02  -2.8713777776E-01   1.2611020586E-01  -9.5437654499E-04   1.0317470836E-03
   17     -1.2913598934E-02   1.1956718099E-01  -1.1932441522E-01  -2.6294453410E-03   3.2420317427E-02
   18     -2.8023729843E-03   3.3733498689E-04   9.2457826003E-03  -3.8135186981E-02   2.7316642736E-02
   19      1.6436732848E-03   1.7022672205E-05  -3.1336908816E-03   1.9697480336E-02  -2.5078642399E-01
   20     -4.6942630826E-03   3.1049887715E-02  -1.6759921806E-02  -1.7958734979E-02   1.1607377391E-01
   21     -8.0910169318E-02  -3.2451878130E-02  -2.6778272634E-02   1.0374016610E-02   8.0311891564E-04
   22     -3.6350458654E-02  -2.0318308183E-01  -6.7209096715E-02   5.4212191520E-04  -1.3218203683E-03
   23     -1.9573942781E-02  -6.2622260819E-02  -1.2894294611E-01  -1.1845289482E-02  -3.1211986350E-02
   24      3.6451256127E-03  -7.1435727083E-04  -1.3758366838E-02  -2.3607224818E-03  -1.8316507469E-03
   25      1.4165706718E-02   1.9084102126E-03  -2.8677198452E-02  -1.3651937911E-03  -4.5373146875E-03
   26      7.7575633530E-03   8.7270296838E-04  -1.8576591804E-02  -1.6381005056E-03  -3.4560560304E-03
   27      2.3418024259E-03  -1.1817904133E-02   4.5485872083E-03  -8.8394489742E-04  -2.7876693659E-05
   28      8.3204631273E-03  -2.5989319530E-02   1.4794828233E-02   8.7642583200E-04   9.3381541282E-04
   29      6.1852778753E-03  -1.6396548046E-02   1.0181592855E-02   4.8726676936E-04  -1.4917829718E-03
   30     -9.3106588608E-03  -2.0262163164E-03  -2.9890343810E-03  -9.1101591262E-04  -1.0401496464E-04
   31     -2.8177996430E-02   1.3112525484E-03  -3.1571584753E-03   2.4850248811E-03  -5.1391065920E-04
   32     -1.9017489733E-02  -3.6986937318E-04  -6.0095032461E-03   2.4351725103E-03  -9.4969781457E-04
   33     -8.0710629374E-03  -4.7844152624E-03   3.9185204210E-03  -1.0069817543E-01  -4.7559476733E-02
   34     -9.6128523693E-03  -1.0846858197E-02  -9.7595387784E-03  -5.7259492847E-02  -2.0116470747E-01
   35     -1.7025601669E-02  -3.8967188551E-02  -2.3335904212E-02  -1.8564109976E-02  -4.1080887184E-02
   36      5.5257793852E-05  -2.0770539130E-03  -8.0135807667E-04   1.0608192062E-02  -1.4270770509E-02
   37      2.1386151943E-04  -2.4037387838E-04   4.2413062160E-04   1.6478798600E-02  -2.4044973437E-02
   38      1.8710651254E-03  -3.9301616616E-03  -1.7947106267E-03   1.0429504263E-02  -1.8146660038E-02
   39      1.2250057091E-03   2.1789797066E-03   3.4462730949E-03  -1.1974262702E-02  -1.3508002822E-02
   40     -2.1318625491E-03   8.4387845649E-04   2.4875333188E-03  -2.5712832203E-02  -1.9838371465E-02
   41     -5.2926012916E-03  -3.2446276011E-03   4.9004190067E-03  -1.8516172304E-02  -1.2845817852E-02
                    5                  6                  7                  8                  9        
    0     -4.1825196993E-02   2.0059385121E-02   7.5942548475E-03  -8.9869474915E-03   5.1572231062E-03
    1      1.4094274379E-02   6.9989683340E-03  -6.9774394097E-03  -1.0455352831E-03   1.0077294430E-03
    2     -4.4448071907E-01  -1.7861299990E-02  -1.5973944913E-03  -1.5235644982E-03  -3.1365576857E-02
    3      8.7574448934E-02  -2.7719045588E-02  -6.1146460858E-03   1.4486969483E-02  -6.4146321643E-02
    4     -4.5360692808E-02  -1.0403928573E-03  -3.6453648601E-04  -2.7332787811E-03   9.9526218424E-03
    5      7.3099344551E-01   1.6854822318E-02   1.3509797876E-03  -6.8734534808E-03   3.5281098829E-02
    6      1.6854822318E-02   1.8316108687E-02  -1.6593351061E-03  -4.2220555436E-03  -1.3972250472E-02
    7      1.3509797876E-03  -1.6593351061E-03   3.7736472508E-03   1.1101926250E-03  -2.3557820043E-03
    8     -6.8734534808E-03  -4.2220555436E-03   1.1101926250E-03   7.3853158502E-03   6.4606456147E-03
    9      3.5281098829E-02  -1.3972250472E-02  -2.3557820043E-03   6.4606456147E-03   7.0134777079E-02
   10     -9.5598995031E-03   3.7645352808E-03   8.7404023532E-04  -1.4584044218E-03  -1.4350881105E-02
   11     -3.8082869643E-03   2.2617800209E-03   5.5308580619E-04  -8.3835442580E-04  -1.6760721236E-02
   12     -4.4004903063E-02   2.2338834509E-02   3.4585083930E-03  -8.8924991845E-03  -5.3788053464E-03
   13      9.4185137921E-03  -4.6423671526E-03  -5.8837243843E-04   1.6394743892E-03   2.3376035500E-03
   14     -1.2040387016E-02   4.6848549935E-04  -4.5287938516E-05  -3.8435638619E-04   5.5093049023E-03
   15      6.4705469895E-03  -1.5396718864E-02   2.4647512688E-03   2.8921658939E-03  -1.7483289738E-03
   16     -4.1817224301E-03  -1.3532557139E-03   1.4987756523E-03  -5.6368719292E-04  -4.2357370585E-04
   17     -1.5831400865E-02   3.7963727281E-03  -1.5266134576E-03  -6.8542432741E-04   4.3464828709E-04
   18     -2.1993102887E-02   4.0173343410E-03   3.5685841474E-04  -1.3833664863E-03   3.0562204132E-03
   19      1.2390635377E-01  -5.3522660300E-04   4.8768432477E-04   2.9691681864E-04   2.2132369890E-05
   20     -1.1948595448E-01  -9.8529168348E-04  -6.2537044667E-04   1.0443132108E-03  -1.2895910725E-03
   21     -1.2013593542E-03  -8.1300390968E-03  -5.0524193601E-03  -4.1791970962E-04   1.7961522572E-03
   22     -4.3880108762E-03  -7.2659184647E-04  -1.3270262212E-04  -1.6389507640E-04  -1.1695077329E-03
   23     -1.5384172079E-02  -1.4422386949E-03  -1.1165438106E-03  -6.5481254983E-04  -3.5787761777E-04
   24      2.7530586281E-04  -1.7912385138E-03  -5.8725555823E-04  -5.8973583972E-05  -5.9118493328E-04
   25     -9.3684313965E-04  -3.4496509331E-04  -4.9442066395E-04   5.0084552013E-04   7.2465707985E-04
   26      3.6587528709E-04   5.9648638762E-04   1.1919657305E-03   1.0948332093E-03   1.8411304290E-04
   27      8.2225005753E-04   6.1746840243E-04   8.9114287165E-04  -1.3768741312E-04  -3.0608552025E-04
   28      1.6121625407E-03   4.0361641474E-05   9.6802576814E-04  -2.3955310188E-04   6.1781487741E-04
   29      7.5823750542E-04   3.5702969837E-04  -2.7445746411E-04  -3.7690670052E-05   8.9264157876E-05
   30      1.2115897787E-03  -8.1340213522E-05  -9.1778715054E-04  -5.2700218989E-04   8.6883282275E-04
   31      3.1402101857E-05  -1.0970342580E-03  -4.1158096890E-04  -1.3309910153E-04   1.9345190019E-03
   32      1.6601687494E-04   1.0143348002E-03   4.9260280827E-04   4.7987859354E-04   1.8235413665E-03
   33     -3.9244869934E-02   2.5257488861E-03   2.2288919706E-03   1.7634511735E-03   4.0053124695E-03
   34     -1.0128319897E-01  -6.3927023972E-04   1.0092566637E-03   9.4431991409E-04   2.9852559365E-03
   35     -1.0745521298E-01  -2.0758963571E-04  -1.5685834790E-03   4.4508626100E-06  -1.5919370886E-03
   36     -5.7870205439E-03  -3.0659316048E-04  -7.7941995058E-05   5.3876188568E-04   3.0182868764E-04
   37      9.1851031741E-04   9.8218529888E-05   7.9053491409E-05   3.0108559907E-04  -1.7571490748E-03
   38     -9.7827786882E-03  -1.1883818754E-03   1.0452957611E-04   2.2591463162E-04  -6.0448256639E-05
   39      5.5876414502E-03  -6.3880101173E-04  -2.5150853831E-04  -1.4498105867E-03   6.0982445278E-04
   40      1.4035745979E-02   1.0766982553E-03   2.4076291303E-04   1.5798147687E-03   4.6295379801E-04
   41      2.8249248828E-03   4.1105866480E-04   1.9280463150E-03   8.1227746893E-04   1.5973432265E-03
                   10                 11                 12                 13                 14        
    0     -1.7724687416E-03   1.7866870537E-03  -3.3957541818E-02   5.4129255814E-03   4.2692458512E-03
    1      5.7432403069E-04  -1.5667058297E-03   4.6970235523E-03  -4.4797285656E-03   2.4539787521E-04
    2      7.0934138156E-03   5.9729429145E-03   5.0867679812E-02  -8.9038937298E-03  -7.0992154265E-03
    3      1.4758386911E-02   1.2342742258E-02   3.6838122104E-02  -7.6271898178E-03   6.0988880491E-03
    4     -2.1786184149E-04  -3.4434794577E-03  -8.5068100218E-03  -1.5033152120E-02   3.5810343061E-03
    5     -9.5598995031E-03  -3.8082869643E-03  -4.4004903063E-02   9.4185137921E-03  -1.2040387016E-02
    6      3.7645352808E-03   2.2617800209E-03   2.2338834509E-02  -4.6423671526E-03   4.6848549935E-04
    7      8.7404023532E-04   5.5308580619E-04   3.4585083930E-03  -5.8837243843E-04  -4.5287938516E-05
    8     -1.4584044218E-03  -8.3835442580E-04  -8.8924991845E-03   1.6394743892E-03  -3.8435638619E-04
    9     -1.4350881105E-02  -1.6760721236E-02  -5.3788053464E-03   2.3376035500E-03   5.5093049023E-03
   10      8.1340996288E-03   3.9547032643E-03  -1.7335808665E-03  -1.2640140427E-02  -1.6515377311E-03
   11      3.9547032643E-03   1.0206178323E-02   2.7984563520E-04  -1.2575178998E-03  -1.2800603219E-02
   12     -1.7335808665E-03   2.7984563520E-04  -3.5649718239E-03   9.7412532124E-03   4.4767968103E-03
   13     -1.2640140427E-02  -1.2575178998E-03   9.7412532124E-03   4.4540571921E-02   3.3267238461E-03
   14     -1.6515377311E-03  -1.2800603219E-02   4.4767968103E-03   3.3267238461E-03   3.4186287392E-02
   15      9.7139968564E-04  -2.0370208196E-04   5.7153212365E-03  -2.2327534941E-03   3.1606915755E-05
   16      1.5579730104E-04  -1.3557767895E-04  -1.7352607967E-04  -1.3257048725E-04   1.8153440030E-04
   17     -4.2948449359E-04   5.1659708134E-05  -1.6883786210E-03   7.6359926099E-04   4.6016664246E-04
   18     -1.6230361810E-03   5.4359639727E-04  -6.8972129160E-03   1.1229440620E-02  -8.9865710678E-03
   19      7.3634554442E-04  -5.3660050034E-04   1.0198267244E-04  -3.1587108544E-03   2.2516806159E-03
   20      3.9517528367E-04   1.2614287510E-04   3.2567899240E-03  -1.1419818928E-03   5.6680996389E-04
   21     -5.1250062297E-04  -8.9909621523E-05  -3.1030703151E-03   9.5597324711E-04  -1.6867759917E-03
   22      5.9243786316E-04   7.0314086704E-04  -7.0901494188E-05  -9.4986447468E-04  -1.6174535869E-03
   23      1.3515912214E-04   4.4211181087E-04  -2.4327903687E-03  -4.1954454884E-04  -5.9143259608E-04
   24      2.7198285647E-04   9.8482637812E-05   1.3086161103E-03  -1.9350138046E-04   2.5675344394E-04
   25     -9.7327329281E-06  -5.3739826844E-05  -1.7073775063E-03   6.1510659081E-05   6.9253509866E-04
   26     -2.5030034401E-05  -2.8057324975E-05  -1.7781050234E-04   2.0151001366E-04   7.2268121389E-04
   27     -4.5763708284E-05   1.3982787065E-04   5.4414150162E-04   7.9178503221E-05   7.7034713497E-05
   28     -1.6630104982E-05  -1.3422622363E-04  -1.0964046730E-03  -3.5663744663E-05   1.9647982322E-04
   29      1.1706589731E-05   4.0122039380E-05  -1.0811790415E-04  -2.8838657018E-05  -6.9019903043E-05
   30     -1.4516717792E-04  -1.8038285667E-04  -2.0890928056E-04  -2.8274794223E-05   4.1511763650E-04
   31     -3.9882451015E-04   4.6982948686E-04  -3.6987438433E-03   5.4348476255E-04  -7.1029798506E-04
   32      3.4208639209E-04   3.1444045726E-04  -3.6107627145E-03  -3.3040756504E-04  -6.1838028800E-04
   33     -8.7867515102E-04  -4.8241382567E-04  -1.4148923758E-02  -1.0264107209E-02  -8.1179461579E-03
   34      1.0246350378E-03  -1.1513707798E-04  -3.9456721470E-03  -4.6850544727E-03  -3.7170979627E-03
   35      1.2011241814E-03   1.3517798826E-03   5.6862896452E-03  -1.5004987077E-03  -2.5189187586E-03
   36      1.1975516318E-03   3.6745636163E-04   1.9721029390E-03  -3.4342572534E-03  -1.9723571835E-03
   37      8.8287959026E-04   1.2157556078E-03   3.5213479203E-03  -2.1462837089E-03  -1.8829887710E-03
   38      3.5696698051E-04  -1.0211142008E-03   1.0174289507E-04  -1.2500821736E-03   1.9619119988E-03
   39      1.5110761069E-04  -7.7256375941E-05  -1.0475211558E-03  -1.4018056941E-03  -8.1156772350E-04
   40      2.8266278376E-04   3.4406641225E-04  -5.7090294277E-04  -1.2792130279E-03  -8.0444854520E-04
   41     -3.4681405567E-04  -6.3397873620E-07  -3.6057831954E-03  -5.5701733203E-04  -1.7540620480E-03
                   15                 16                 17                 18                 19        
    0     -3.3402773907E-02   1.6659625646E-02  -1.2913598934E-02  -2.8023729843E-03   1.6436732848E-03
    1      2.0980817642E-02  -2.8713777776E-01   1.1956718099E-01   3.3733498689E-04   1.7022672205E-05
    2     -2.3675439997E-02   1.2611020586E-01  -1.1932441522E-01   9.2457826003E-03  -3.1336908816E-03
    3      1.5715183120E-03  -9.5437654499E-04  -2.6294453410E-03  -3.8135186981E-02   1.9697480336E-02
    4     -1.5602463732E-03   1.0317470836E-03   3.2420317427E-02   2.7316642736E-02  -2.5078642399E-01
    5      6.4705469895E-03  -4.1817224301E-03  -1.5831400865E-02  -2.1993102887E-02   1.2390635377E-01
    6     -1.5396718864E-02  -1.3532557139E-03   3.7963727281E-03   4.0173343410E-03  -5.3522660300E-04
    7      2.4647512688E-03   1.4987756523E-03  -1.5266134576E-03   3.5685841474E-04   4.8768432477E-04
    8      2.8921658939E-03  -5.6368719292E-04  -6.8542432741E-04  -1.3833664863E-03   2.9691681864E-04
    9     -1.7483289738E-03  -4.2357370585E-04   4.3464828709E-04   3.0562204132E-03   2.2132369890E-05
   10      9.7139968564E-04   1.5579730104E-04  -4.2948449359E-04  -1.6230361810E-03   7.3634554442E-04
   11     -2.0370208196E-04  -1.3557767895E-04   5.1659708134E-05   5.4359639727E-04  -5.3660050034E-04
   12      5.7153212365E-03  -1.7352607967E-04  -1.6883786210E-03  -6.8972129160E-03   1.0198267244E-04
   13     -2.2327534941E-03  -1.3257048725E-04   7.6359926099E-04   1.1229440620E-02  -3.1587108544E-03
   14      3.1606915755E-05   1.8153440030E-04   4.6016664246E-04  -8.9865710678E-03   2.2516806159E-03
   15      3.4302893194E-02  -1.3801751790E-02   1.1809440221E-02   7.4235388379E-03  -6.4618210537E-04
   16     -1.3801751790E-02   2.9917316920E-01  -1.2955211286E-01  -1.3410615727E-03   9.6318755629E-04
   17      1.1809440221E-02  -1.2955211286E-01   1.2865603539E-01  -6.6347878787E-04  -6.8051220105E-04
   18      7.4235388379E-03  -1.3410615727E-03  -6.6347878787E-04   3.6845392481E-02  -1.7118874091E-02
   19     -6.4618210537E-04   9.6318755629E-04  -6.8051220105E-04  -1.7118874091E-02   2.7878908571E-01
   20     -9.6769912628E-04  -8.2954561959E-04  -5.5050678199E-03   2.1768103747E-02  -1.2290433594E-01
   21      4.9481698983E-03   2.7785419920E-03   2.2660365014E-03  -4.1917593895E-03  -2.1902754786E-04
   22     -8.8942618062E-03  -1.6818047329E-02  -1.6894742963E-02   3.8591682745E-04   1.2774043321E-03
   23      4.5000132014E-03   1.1604039180E-02   9.7506009997E-03   8.7066350116E-04  -5.6119487495E-04
   24     -1.3821997149E-04   3.4054411624E-04   6.3494697399E-04   2.9043421050E-04  -4.1904316328E-05
   25      2.0301879610E-04   9.4075425928E-04   6.4450696189E-04  -2.0030890938E-04   1.0505712056E-04
   26     -4.7677104637E-04   9.9180765868E-05   8.7513299109E-04   4.1834408056E-04  -1.2595002106E-04
   27      6.6608792974E-04  -2.0866344303E-03  -1.4145045905E-03   3.8571390451E-04   2.7648906031E-04
   28     -1.2019145684E-03  -2.6844998512E-03  -3.7635488778E-03   1.1777842836E-04   4.6056204790E-04
   29     -1.1209292178E-03  -2.5523160805E-03  -1.6559927283E-03  -7.0438158897E-04   1.3699737269E-04
   30      2.0587703095E-04  -5.0584787239E-04  -3.1911454206E-04  -4.8594260192E-04  -1.3258781029E-04
   31      1.3428907951E-03  -3.1965858560E-05   6.7130003854E-04  -5.5133433613E-04   1.7860041537E-04
   32      9.5892066230E-05   6.4198951244E-05   2.6118074842E-04  -9.4781631715E-04  -1.1787476794E-04
   33     -3.1775811216E-03   4.3326379302E-04   1.7374286594E-03   1.8175590341E-03  -2.4818402606E-03
   34      1.7846253326E-03   2.1094212172E-03  -5.1017583176E-04  -1.5744710446E-02  -2.2633276273E-02
   35      1.0915078805E-03  -7.6435768351E-04   4.5788444164E-03   4.7790687532E-04   3.4623288236E-05
   36     -4.8369600816E-05   5.2335443632E-04   1.5587231325E-04  -3.1081553913E-04  -1.9436380466E-03
   37      9.0532412887E-04   7.9182788259E-05  -3.3482221946E-04  -7.7067104640E-04  -3.7646222212E-03
   38      2.6757037029E-04   2.3968338258E-04  -9.7959635823E-04   1.3476967439E-03   1.3927204895E-03
   39     -9.2648746262E-04  -1.7681423406E-04  -1.1269993390E-03  -9.5547764032E-04   1.2926379442E-03
   40     -3.0507426239E-04   4.5455201390E-04  -1.4954098254E-04  -2.3195615111E-03  -3.0336450537E-03
   41     -7.3997957590E-04   2.7207927054E-04  -6.2661710678E-04   7.5728476803E-05  -4.3620090495E-05
                   20                 21                 22                 23                 24        
    0     -4.6942630826E-03  -8.0910169318E-02  -3.6350458654E-02  -1.9573942781E-02   3.6451256127E-03
    1      3.1049887715E-02  -3.2451878130E-02  -2.0318308183E-01  -6.2622260819E-02  -7.1435727083E-04
    2     -1.6759921806E-02  -2.6778272634E-02  -6.7209096715E-02  -1.2894294611E-01  -1.3758366838E-02
    3     -1.7958734979E-02   1.0374016610E-02   5.4212191520E-04  -1.1845289482E-02  -2.3607224818E-03
    4      1.1607377391E-01   8.0311891564E-04  -1.3218203683E-03  -3.1211986350E-02  -1.8316507469E-03
    5     -1.1948595448E-01  -1.2013593542E-03  -4.3880108762E-03  -1.5384172079E-02   2.7530586281E-04
    6     -9.8529168348E-04  -8.1300390968E-03  -7.2659184647E-04  -1.4422386949E-03  -1.7912385138E-03
    7     -6.2537044667E-04  -5.0524193601E-03  -1.3270262212E-04  -1.1165438106E-03  -5.8725555823E-04
    8      1.0443132108E-03  -4.1791970962E-04  -1.6389507640E-04  -6.5481254983E-04  -5.8973583972E-05
    9     -1.2895910725E-03   1.7961522572E-03  -1.1695077329E-03  -3.5787761777E-04  -5.9118493328E-04
   10      3.9517528367E-04  -5.1250062297E-04   5.9243786316E-04   1.3515912214E-04   2.7198285647E-04
   11      1.2614287510E-04  -8.9909621523E-05   7.0314086704E-04   4.4211181087E-04   9.8482637812E-05
   12      3.2567899240E-03  -3.1030703151E-03  -7.0901494188E-05  -2.4327903687E-03   1.3086161103E-03
   13     -1.1419818928E-03   9.5597324711E-04  -9.4986447468E-04  -4.1954454884E-04  -1.9350138046E-04
   14      5.6680996389E-04  -1.6867759917E-03  -1.6174535869E-03  -5.9143259608E-04   2.5675344394E-04
   15     -9.6769912628E-04   4.9481698983E-03  -8.8942618062E-03   4.5000132014E-03  -1.3821997149E-04
   16     -8.2954561959E-04   2.7785419920E-03  -1.6818047329E-02   1.1604039180E-02   3.4054411624E-04
   17     -5.5050678199E-03   2.2660365014E-03  -1.6894742963E-02   9.7506009997E-03   6.3494697399E-04
   18      2.1768103747E-02  -4.1917593895E-03   3.8591682745E-04   8.7066350116E-04   2.9043421050E-04
   19     -1.2290433594E-01  -2.1902754786E-04   1.2774043321E-03  -5.6119487495E-04  -4.1904316328E-05
   20      1.3007539469E-01   1.0529790994E-03   1.7590203390E-03   8.4940194485E-04   1.1158472112E-04
   21      1.0529790994E-03   5.4290665684E-01  -2.6451199406E-02  -1.8995018295E-02  -9.1438077536E-02
   22      1.7590203390E-03  -2.6451199406E-02   5.5770280791E-01  -3.3099935146E-02  -2.4580296038E-04
   23      8.4940194485E-04  -1.8995018295E-02  -3.3099935146E-02   5.8651838837E-01   1.0950815964E-01
   24      1.1158472112E-04  -9.1438077536E-02  -2.4580296038E-04   1.0950815964E-01   9.8318697275E-02
   25     -3.1679555466E-04  -2.1048148689E-03  -5.0154197665E-02   1.0660818336E-02   3.9377266155E-03
   26      2.8334771300E-04   1.0625384819E-01   8.6613622685E-03  -2.8678490220E-01  -1.1533096276E-01
   27     -2.5700438955E-05  -7.2927174629E-02   7.1983061425E-02  -3.8521373018E-02   3.7715814307E-03
   28     -1.2260374095E-03   6.8830182712E-02  -2.3944280098E-01   1.0692688023E-01  -8.4039534333E-05
   29     -1.1334350830E-04  -3.8735968079E-02   1.0975709071E-01  -1.1229638851E-01  -1.1591399512E-02
   30      1.9502666924E-04  -3.0658104499E-01   1.1692345545E-03  -2.0159987697E-02  -1.1362974493E-02
   31      1.2465918758E-04  -3.9087916068E-03  -4.9936175375E-02  -1.4185399908E-04  -6.4969299816E-04
   32      2.1907940940E-04  -2.2546747238E-02   8.5393093148E-04  -4.7520854465E-02   3.0535375911E-02
   33      3.3822373258E-04   7.1999823902E-03  -5.2535859396E-05  -1.1291391089E-03   3.1019416010E-04
   34     -1.6940774408E-02  -2.0476494523E-03   2.5176035063E-03  -2.3960310136E-04  -1.0175380172E-04
   35      9.0486662076E-03   2.9337537214E-03   5.1751147465E-04  -4.6092820312E-03  -7.4574654235E-04
   36     -3.5532349917E-04  -2.3575179122E-04  -1.8150410963E-04  -3.5001040111E-04  -1.2782378530E-04
   37     -3.2893887209E-03  -1.1687169896E-03   1.6566524628E-04   8.8380503074E-05  -9.6043004736E-05
   38     -4.8581836676E-04  -2.3005008408E-03   6.6647397955E-04  -3.5593110877E-04  -8.9121698082E-05
   39     -4.0139258253E-04   5.0878949502E-04   1.4733625757E-04  -1.0680901607E-05   9.2761443717E-05
   40     -1.9450634834E-03   5.9109303402E-04  -1.1738688441E-04   1.1703377305E-04  -7.3464222816E-06
   41      1.9115392816E-04   2.3972142853E-04   4.8590555295E-04  -2.2619200393E-04   1.9974754949E-04
                   25                 26                 27                 28                 29        
    0      1.4165706718E-02   7.7575633530E-03   2.3418024259E-03   8.3204631273E-03   6.1852778753E-03
    1      1.9084102126E-03   8.7270296838E-04  -1.1817904133E-02  -2.5989319530E-02  -1.6396548046E-02
    2     -2.8677198452E-02  -1.8576591804E-02   4.5485872083E-03   1.4794828233E-02   1.0181592855E-02
    3     -1.3651937911E-03  -1.6381005056E-03  -8.8394489742E-04   8.7642583200E-04   4.8726676936E-04
    4     -4.5373146875E-03  -3.4560560304E-03  -2.7876693659E-05   9.3381541282E-04  -1.4917829718E-03
    5     -9.3684313965E-04   3.6587528709E-04   8.2225005753E-04   1.6121625407E-03   7.5823750542E-04
    6     -3.4496509331E-04   5.9648638762E-04   6.1746840243E-04   4.0361641474E-05   3.5702969837E-04
    7     -4.9442066395E-04   1.1919657305E-03   8.9114287165E-04   9.6802576814E-04  -2.7445746411E-04
    8      5.0084552013E-04   1.0948332093E-03  -1.3768741312E-04  -2.3955310188E-04  -3.7690670052E-05
    9      7.2465707985E-04   1.8411304290E-04  -3.0608552025E-04   6.1781487741E-04   8.9264157876E-05
   10     -9.7327329281E-06  -2.5030034401E-05  -4.5763708284E-05  -1.6630104982E-05   1.1706589731E-05
   11     -5.3739826844E-05  -2.8057324975E-05   1.3982787065E-04  -1.3422622363E-04   4.0122039380E-05
   12     -1.7073775063E-03  -1.7781050234E-04   5.4414150162E-04  -1.0964046730E-03  -1.0811790415E-04
   13      6.1510659081E-05   2.0151001366E-04   7.9178503221E-05  -3.5663744663E-05  -2.8838657018E-05
   14      6.9253509866E-04   7.2268121389E-04   7.7034713497E-05   1.9647982322E-04  -6.9019903043E-05
   15      2.0301879610E-04  -4.7677104637E-04   6.6608792974E-04  -1.2019145684E-03  -1.1209292178E-03
   16      9.4075425928E-04   9.9180765868E-05  -2.0866344303E-03  -2.6844998512E-03  -2.5523160805E-03
   17      6.4450696189E-04   8.7513299109E-04  -1.4145045905E-03  -3.7635488778E-03  -1.6559927283E-03
   18     -2.0030890938E-04   4.1834408056E-04   3.8571390451E-04   1.1777842836E-04  -7.0438158897E-04
   19      1.0505712056E-04  -1.2595002106E-04   2.7648906031E-04   4.6056204790E-04   1.3699737269E-04
   20     -3.1679555466E-04   2.8334771300E-04  -2.5700438955E-05  -1.2260374095E-03  -1.1334350830E-04
   21     -2.1048148689E-03   1.0625384819E-01  -7.2927174629E-02   6.8830182712E-02  -3.8735968079E-02
   22     -5.0154197665E-02   8.6613622685E-03   7.1983061425E-02  -2.3944280098E-01   1.0975709071E-01
   23      1.0660818336E-02  -2.8678490220E-01  -3.8521373018E-02   1.0692688023E-01  -1.1229638851E-01
   24      3.9377266155E-03  -1.1533096276E-01   3.7715814307E-03  -8.4039534333E-05  -1.1591399512E-02
   25      5.3042021282E-02  -6.2529075768E-03  -1.2612417591E-02   6.7197858175E-04   2.5201612120E-02
   26     -6.2529075768E-03   3.0859645984E-01   5.8324962681E-03  -1.1907092435E-03  -1.1551366075E-02
   27     -1.2612417591E-02   5.8324962681E-03   7.3461278079E-02  -7.4557264191E-02   4.4355275030E-02
   28      6.7197858175E-04  -1.1907092435E-03  -7.4557264191E-02   2.6206672630E-01  -1.1535411411E-01
   29      2.5201612120E-02  -1.1551366075E-02   4.4355275030E-02  -1.1535411411E-01   1.1670646769E-01
   30      4.9194529468E-04  -3.0299072363E-03  -7.5805706587E-03  -1.1442007725E-03   6.8687125311E-04
   31     -1.5216196021E-03   2.1509312743E-04   2.7935966871E-02   1.9267712914E-03   5.0989585202E-04
   32      1.9298289881E-04   5.8895645301E-03  -1.5701815563E-02  -1.5027285040E-03  -1.7582018066E-03
   33     -1.2099593755E-03  -4.7792136093E-04  -2.5222336540E-04  -9.0526263112E-04   2.0838092954E-04
   34     -1.9242252413E-04  -1.8677271869E-04   6.9079865916E-05   7.3265890386E-04   4.1508716420E-04
   35     -1.6779190604E-03  -7.9050781670E-04  -9.0971180384E-05  -4.3427441217E-04  -3.8273951646E-04
   36      1.3716985065E-05  -1.0230563170E-04  -1.2744218614E-05   8.0776956234E-05  -6.5022693330E-05
   37      1.4202186642E-04   6.1776035821E-05   2.3546139394E-05   2.9484802488E-04   5.5217913021E-06
   38      2.4043797455E-04   6.0992692558E-05   6.6779527230E-05   3.2431231741E-04   1.9750224258E-04
   39     -2.1508906349E-06   2.2740088934E-04   1.3250532925E-04   1.3920691076E-04  -5.5583026625E-05
   40      5.1386866920E-05  -6.2212476836E-05  -7.4088728708E-05   7.1915976507E-06   9.5930558241E-05
   41     -2.0867689562E-04  -2.4276758998E-04   6.1035380328E-05  -2.0785443145E-05  -2.1965157704E-05
                   30                 31                 32                 33                 34        
    0     -9.3106588608E-03  -2.8177996430E-02  -1.9017489733E-02  -8.0710629374E-03  -9.6128523693E-03
    1     -2.0262163164E-03   1.3112525484E-03  -3.6986937318E-04  -4.7844152624E-03  -1.0846858197E-02
    2     -2.9890343810E-03  -3.1571584753E-03  -6.0095032461E-03   3.9185204210E-03  -9.7595387784E-03
    3     -9.1101591262E-04   2.4850248811E-03   2.4351725103E-03  -1.0069817543E-01  -5.7259492847E-02
    4     -1.0401496464E-04  -5.1391065920E-04  -9.4969781457E-04  -4.7559476733E-02  -2.0116470747E-01
    5      1.2115897787E-03   3.1402101857E-05   1.6601687494E-04  -3.9244869934E-02  -1.0128319897E-01
    6     -8.1340213522E-05  -1.0970342580E-03   1.0143348002E-03   2.5257488861E-03  -6.3927023972E-04
    7     -9.1778715054E-04  -4.1158096890E-04   4.9260280827E-04   2.2288919706E-03   1.0092566637E-03
    8     -5.2700218989E-04  -1.3309910153E-04   4.7987859354E-04   1.7634511735E-03   9.4431991409E-04
    9      8.6883282275E-04   1.9345190019E-03   1.8235413665E-03   4.0053124695E-03   2.9852559365E-03
   10     -1.4516717792E-04  -3.9882451015E-04   3.4208639209E-04  -8.7867515102E-04   1.0246350378E-03
   11     -1.8038285667E-04   4.6982948686E-04   3.1444045726E-04  -4.8241382567E-04  -1.1513707798E-04
   12     -2.0890928056E-04  -3.6987438433E-03  -3.6107627145E-03  -1.4148923758E-02  -3.9456721470E-03
   13     -2.8274794223E-05   5.4348476255E-04  -3.3040756504E-04  -1.0264107209E-02  -4.6850544727E-03
   14      4.1511763650E-04  -7.1029798506E-04  -6.1838028800E-04  -8.1179461579E-03  -3.7170979627E-03
   15      2.0587703095E-04   1.3428907951E-03   9.5892066230E-05  -3.1775811216E-03   1.7846253326E-03
   16     -5.0584787239E-04  -3.1965858560E-05   6.4198951244E-05   4.3326379302E-04   2.1094212172E-03
   17     -3.1911454206E-04   6.7130003854E-04   2.6118074842E-04   1.7374286594E-03  -5.1017583176E-04
   18     -4.8594260192E-04  -5.5133433613E-04  -9.4781631715E-04   1.8175590341E-03  -1.5744710446E-02
   19     -1.3258781029E-04   1.7860041537E-04  -1.1787476794E-04  -2.4818402606E-03  -2.2633276273E-02
   20      1.9502666924E-04   1.2465918758E-04   2.1907940940E-04   3.3822373258E-04  -1.6940774408E-02
   21     -3.0658104499E-01  -3.9087916068E-03  -2.2546747238E-02   7.1999823902E-03  -2.0476494523E-03
   22      1.1692345545E-03  -4.9936175375E-02   8.5393093148E-04  -5.2535859396E-05   2.5176035063E-03
   23     -2.0159987697E-02  -1.4185399908E-04  -4.7520854465E-02  -1.1291391089E-03  -2.3960310136E-04
   24     -1.1362974493E-02  -6.4969299816E-04   3.0535375911E-02   3.1019416010E-04  -1.0175380172E-04
   25      4.9194529468E-04  -1.5216196021E-03   1.9298289881E-04  -1.2099593755E-03  -1.9242252413E-04
   26     -3.0299072363E-03   2.1509312743E-04   5.8895645301E-03  -4.7792136093E-04  -1.8677271869E-04
   27     -7.5805706587E-03   2.7935966871E-02  -1.5701815563E-02  -2.5222336540E-04   6.9079865916E-05
   28     -1.1442007725E-03   1.9267712914E-03  -1.5027285040E-03  -9.0526263112E-04   7.3265890386E-04
   29      6.8687125311E-04   5.0989585202E-04  -1.7582018066E-03   2.0838092954E-04   4.1508716420E-04
   30      3.3482961342E-01   3.6639868693E-03   2.5012866453E-02   7.3988359628E-04  -4.8273230125E-04
   31      3.6639868693E-03   4.9672821647E-02   2.3245598925E-03   6.7637399388E-04  -7.6119441474E-04
   32      2.5012866453E-02   2.3245598925E-03   4.9101931947E-02   8.4695305437E-04  -7.9397256784E-04
   33      7.3988359628E-04   6.7637399388E-04   8.4695305437E-04   6.0334779170E-01  -1.1816347365E-02
   34     -4.8273230125E-04  -7.6119441474E-04  -7.9397256784E-04  -1.1816347365E-02   5.8758004390E-01
   35     -3.7387998111E-04   4.8232995404E-04  -1.1107273551E-04  -1.7718366161E-01   6.1020024850E-02
   36     -1.6132416593E-04  -1.7338451475E-05  -8.3354871033E-05  -2.5110814874E-01   1.8388390568E-01
   37     -6.0467015750E-05  -1.1818205263E-04  -2.6614412887E-04   1.8623579049E-01  -2.4355029030E-01
   38     -9.8796075286E-05  -4.1741686687E-04  -2.9029539328E-04   1.4994183123E-02  -5.7498663203E-03
   39      3.7991805235E-05   8.4610593071E-05   1.7149985405E-04  -2.4209756236E-01  -8.7032789443E-02
   40      1.9259933074E-04   4.9533793478E-05   6.0886561088E-05  -1.0945307490E-01  -1.1068847254E-01
   41      9.9951552324E-05  -2.5196546185E-04  -1.6489394730E-04   2.0289123880E-01   7.6879023229E-02
                   35                 36                 37                 38                 39        
    0     -1.7025601669E-02   5.5257793852E-05   2.1386151943E-04   1.8710651254E-03   1.2250057091E-03
    1     -3.8967188551E-02  -2.0770539130E-03  -2.4037387838E-04  -3.9301616616E-03   2.1789797066E-03
    2     -2.3335904212E-02  -8.0135807667E-04   4.2413062160E-04  -1.7947106267E-03   3.4462730949E-03
    3     -1.8564109976E-02   1.0608192062E-02   1.6478798600E-02   1.0429504263E-02  -1.1974262702E-02
    4     -4.1080887184E-02  -1.4270770509E-02  -2.4044973437E-02  -1.8146660038E-02  -1.3508002822E-02
    5     -1.0745521298E-01  -5.7870205439E-03   9.1851031741E-04  -9.7827786882E-03   5.5876414502E-03
    6     -2.0758963571E-04  -3.0659316048E-04   9.8218529888E-05  -1.1883818754E-03  -6.3880101173E-04
    7     -1.5685834790E-03  -7.7941995058E-05   7.9053491409E-05   1.0452957611E-04  -2.5150853831E-04
    8      4.4508626100E-06   5.3876188568E-04   3.0108559907E-04   2.2591463162E-04  -1.4498105867E-03
    9     -1.5919370886E-03   3.0182868764E-04  -1.7571490748E-03  -6.0448256639E-05   6.0982445278E-04
   10      1.2011241814E-03   1.1975516318E-03   8.8287959026E-04   3.5696698051E-04   1.5110761069E-04
   11      1.3517798826E-03   3.6745636163E-04   1.2157556078E-03  -1.0211142008E-03  -7.7256375941E-05
   12      5.6862896452E-03   1.9721029390E-03   3.5213479203E-03   1.0174289507E-04  -1.0475211558E-03
   13     -1.5004987077E-03  -3.4342572534E-03  -2.1462837089E-03  -1.2500821736E-03  -1.4018056941E-03
   14     -2.5189187586E-03  -1.9723571835E-03  -1.8829887710E-03   1.9619119988E-03  -8.1156772350E-04
   15      1.0915078805E-03  -4.8369600816E-05   9.0532412887E-04   2.6757037029E-04  -9.2648746262E-04
   16     -7.6435768351E-04   5.2335443632E-04   7.9182788259E-05   2.3968338258E-04  -1.7681423406E-04
   17      4.5788444164E-03   1.5587231325E-04  -3.3482221946E-04  -9.7959635823E-04  -1.1269993390E-03
   18      4.7790687532E-04  -3.1081553913E-04  -7.7067104640E-04   1.3476967439E-03  -9.5547764032E-04
   19      3.4623288236E-05  -1.9436380466E-03  -3.7646222212E-03   1.3927204895E-03   1.2926379442E-03
   20      9.0486662076E-03  -3.5532349917E-04  -3.2893887209E-03  -4.8581836676E-04  -4.0139258253E-04
   21      2.9337537214E-03  -2.3575179122E-04  -1.1687169896E-03  -2.3005008408E-03   5.0878949502E-04
   22      5.1751147465E-04  -1.8150410963E-04   1.6566524628E-04   6.6647397955E-04   1.4733625757E-04
   23     -4.6092820312E-03  -3.5001040111E-04   8.8380503074E-05  -3.5593110877E-04  -1.0680901607E-05
   24     -7.4574654235E-04  -1.2782378530E-04  -9.6043004736E-05  -8.9121698082E-05   9.2761443717E-05
   25     -1.6779190604E-03   1.3716985065E-05   1.4202186642E-04   2.4043797455E-04  -2.1508906349E-06
   26     -7.9050781670E-04  -1.0230563170E-04   6.1776035821E-05   6.0992692558E-05   2.2740088934E-04
   27     -9.0971180384E-05  -1.2744218614E-05   2.3546139394E-05   6.6779527230E-05   1.3250532925E-04
   28     -4.3427441217E-04   8.0776956234E-05   2.9484802488E-04   3.2431231741E-04   1.3920691076E-04
   29     -3.8273951646E-04  -6.5022693330E-05   5.5217913021E-06   1.9750224258E-04  -5.5583026625E-05
   30     -3.7387998111E-04  -1.6132416593E-04  -6.0467015750E-05  -9.8796075286E-05   3.7991805235E-05
   31      4.8232995404E-04  -1.7338451475E-05  -1.1818205263E-04  -4.1741686687E-04   8.4610593071E-05
   32     -1.1107273551E-04  -8.3354871033E-05  -2.6614412887E-04  -2.9029539328E-04   1.7149985405E-04
   33     -1.7718366161E-01  -2.5110814874E-01   1.8623579049E-01   1.4994183123E-02  -2.4209756236E-01
   34      6.1020024850E-02   1.8388390568E-01  -2.4355029030E-01  -5.7498663203E-03  -8.7032789443E-02
   35      2.9822104276E-01   5.5273628922E-02  -4.7391459989E-02  -1.5114570773E-02   1.5040434375E-01
   36      5.5273628922E-02   2.5937148643E-01  -1.8997243602E-01  -4.3547119061E-02  -2.0158913412E-02
   37     -4.7391459989E-02  -1.8997243602E-01   2.5902150200E-01   4.5599961318E-02  -1.3641297846E-02
   38     -1.5114570773E-02  -4.3547119061E-02   4.5599961318E-02   3.1301433618E-02   1.8235993295E-02
   39      1.5040434375E-01  -2.0158913412E-02  -1.3641297846E-02   1.8235993295E-02   2.7511546660E-01
   40      7.0338213930E-02   2.6321649967E-02   1.3037743725E-02  -1.9463636764E-02   1.1196373750E-01
   41     -1.5852793641E-01  -3.3700926153E-03   4.6084501303E-03  -3.9502831655E-03  -1.7402128572E-01
                   40                 41        
     0     -2.1318625491E-03  -5.2926012916E-03
     1      8.4387845649E-04  -3.2446276011E-03
     2      2.4875333188E-03   4.9004190067E-03
     3     -2.5712832203E-02  -1.8516172304E-02
     4     -1.9838371465E-02  -1.2845817852E-02
     5      1.4035745979E-02   2.8249248828E-03
     6      1.0766982553E-03   4.1105866480E-04
     7      2.4076291303E-04   1.9280463150E-03
     8      1.5798147687E-03   8.1227746893E-04
     9      4.6295379801E-04   1.5973432265E-03
    10      2.8266278376E-04  -3.4681405567E-04
    11      3.4406641225E-04  -6.3397873620E-07
    12     -5.7090294277E-04  -3.6057831954E-03
    13     -1.2792130279E-03  -5.5701733203E-04
    14     -8.0444854520E-04  -1.7540620480E-03
    15     -3.0507426239E-04  -7.3997957590E-04
    16      4.5455201390E-04   2.7207927054E-04
    17     -1.4954098254E-04  -6.2661710678E-04
    18     -2.3195615111E-03   7.5728476803E-05
    19     -3.0336450537E-03  -4.3620090495E-05
    20     -1.9450634834E-03   1.9115392816E-04
    21      5.9109303402E-04   2.3972142853E-04
    22     -1.1738688441E-04   4.8590555295E-04
    23      1.1703377305E-04  -2.2619200393E-04
    24     -7.3464222816E-06   1.9974754949E-04
    25      5.1386866920E-05  -2.0867689562E-04
    26     -6.2212476836E-05  -2.4276758998E-04
    27     -7.4088728708E-05   6.1035380328E-05
    28      7.1915976507E-06  -2.0785443145E-05
    29      9.5930558241E-05  -2.1965157704E-05
    30      1.9259933074E-04   9.9951552324E-05
    31      4.9533793478E-05  -2.5196546185E-04
    32      6.0886561088E-05  -1.6489394730E-04
    33     -1.0945307490E-01   2.0289123880E-01
    34     -1.1068847254E-01   7.6879023229E-02
    35      7.0338213930E-02  -1.5852793641E-01
    36      2.6321649967E-02  -3.3700926153E-03
    37      1.3037743725E-02   4.6084501303E-03
    38     -1.9463636764E-02  -3.9502831655E-03
    39      1.1196373750E-01  -1.7402128572E-01
    40      1.1991525153E-01  -6.6611118423E-02
    41     -6.6611118423E-02   1.5665987428E-01

$vibrational_frequencies
42
    0        0.000000
    1        0.000000
    2        0.000000
    3        0.000000
    4        0.000000
    5        0.000000
    6     -756.844217
    7       54.133112
    8       65.657458
    9      100.582536
   10      145.691588
   11      176.436432
   12      191.927143
   13      215.033085
   14      306.232535
   15      405.716184
   16      427.906279
   17      533.951882
   18      810.623013
   19      919.696762
   20      962.244217
   21      975.728573
   22     1066.560119
   23     1101.685112
   24     1157.708768
   25     1179.220920
   26     1211.414095
   27     1297.009500
   28     1330.487844
   29     1363.393837
   30     1432.156064
   31     1500.925060
   32     1525.812780
   33     1653.974538
   34     1721.928718
   35     3056.866226
   36     3147.311112
   37     3156.358235
   38     3206.522454
   39     3242.713377
   40     3514.471304
   41     3617.790403

$normal_modes
42 42
                    0                  1                  2                  3                  4        
    0      0.0000000000E+00   0.0000000000E+00   0.0000000000E+00   0.0000000000E+00   0.0000000000E+00
    1      0.0000000000E+00   0.0000000000E+00   0.0000000000E+00   0.0000000000E+00   0.0000000000E+00
    2      0.0000000000E+00   0.0000000000E+00   0.0000000000E+00   0.0000000000E+00   0.0000000000E+00
    3      0.0000000000E+00   0.0000000000E+00   0.0000000000E+00   0.0000000000E+00   0.0000000000E+00
    4      0.0000000000E+00   0.0000000000E+00   0.0000000000E+00   0.0000000000E+00   0.0000000000E+00
    5      0.0000000000E+00   0.0000000000E+00   0.0000000000E+00   0.0000000000E+00   0.0000000000E+00
    6      0.0000000000E+00   0.0000000000E+00   0.0000000000E+00   0.0000000000E+00   0.0000000000E+00
    7      0.0000000000E+00   0.0000000000E+00   0.0000000000E+00   0.0000000000E+00   0.0000000000E+00
    8      0.0000000000E+00   0.0000000000E+00   0.0000000000E+00   0.0000000000E+00   0.0000000000E+00
